Traceback (most recent call last):
  File "D:\Program Files\Blender Foundation\Blender 5.1\5.1\scripts\modules\addon_utils.py", line 515, in enable
    mod.register()
    ~~~~~~~~~~~~^^
  File "C:\Users\Liyunzhong\AppData\Roaming\Blender Foundation\Blender\5.1\scripts\addons\better_fbx\__init__.py", line 42, in register
    from .exporter import register_exporter
  File "C:\Users\Liyunzhong\AppData\Roaming\Blender Foundation\Blender\5.1\scripts\addons\better_fbx\exporter.py", line 2, in <module>
    import bpy_types
ModuleNotFoundError: No module named 'bpy_types'
Error in bpy.app.handlers.load_pre[1]:
Traceback (most recent call last):
  File "C:\Users\Liyunzhong\AppData\Roaming\Blender Foundation\Blender\5.1\scripts\addons\auto_rig_pro-master\src\auto_rig.py", line 33282, in cleanup_line_fx
    bpy.types.SpaceView3D.draw_handler_remove(handles_lines[0],'WINDOW')
    ~~~~~~~~~~~~~~~~~~~~~~~~~~~~~~~~~~~~~~~~~^^^^^^^^^^^^^^^^^^^^^^^^^^^
ValueError: callback_remove(handler): null handler given, invalid or already removed

During handling of the above exception, another exception occurred:

Traceback (most recent call last):
  File "C:\Users\Liyunzhong\AppData\Roaming\Blender Foundation\Blender\5.1\scripts\addons\auto_rig_pro-master\src\auto_rig.py", line 33286, in cleanup_line_fx
    if bpy.context.scene.arp_debug_mode:
       ^^^^^^^^^^^^^^^^^^^^^^^^^^^^^^^^
AttributeError: 'Scene' object has no attribute 'arp_debug_mode'
Error in bpy.app.handlers.load_pre[2]:
Traceback (most recent call last):
  File "C:\Users\Liyunzhong\AppData\Roaming\Blender Foundation\Blender\5.1\scripts\addons\auto_rig_pro-master\src\auto_rig_smart.py", line 5295, in cleanup
    bpy.types.SpaceView3D.draw_handler_remove(handles[0],'WINDOW')
    ~~~~~~~~~~~~~~~~~~~~~~~~~~~~~~~~~~~~~~~~~^^^^^^^^^^^^^^^^^^^^^
ValueError: callback_remove(handler): null handler given, invalid or already removed

During handling of the above exception, another exception occurred:

Traceback (most recent call last):
  File "C:\Users\Liyunzhong\AppData\Roaming\Blender Foundation\Blender\5.1\scripts\addons\auto_rig_pro-master\src\auto_rig_smart.py", line 5299, in cleanup
    if bpy.context.scene.arp_debug_mode:
       ^^^^^^^^^^^^^^^^^^^^^^^^^^^^^^^^
AttributeError: 'Scene' object has no attribute 'arp_debug_mode'
Error in bpy.app.handlers.load_pre[1]:
Traceback (most recent call last):
  File "C:\Users\Liyunzhong\AppData\Roaming\Blender Foundation\Blender\5.1\scripts\addons\auto_rig_pro-master\src\auto_rig.py", line 33282, in cleanup_line_fx
    bpy.types.SpaceView3D.draw_handler_remove(handles_lines[0],'WINDOW')
    ~~~~~~~~~~~~~~~~~~~~~~~~~~~~~~~~~~~~~~~~~^^^^^^^^^^^^^^^^^^^^^^^^^^^
ValueError: callback_remove(handler): null handler given, invalid or already removed

During handling of the above exception, another exception occurred:

Traceback (most recent call last):
  File "C:\Users\Liyunzhong\AppData\Roaming\Blender Foundation\Blender\5.1\scripts\addons\auto_rig_pro-master\src\auto_rig.py", line 33286, in cleanup_line_fx
    if bpy.context.scene.arp_debug_mode:
       ^^^^^^^^^^^^^^^^^^^^^^^^^^^^^^^^
AttributeError: 'Scene' object has no attribute 'arp_debug_mode'
Error in bpy.app.handlers.load_pre[2]:
Traceback (most recent call last):
  File "C:\Users\Liyunzhong\AppData\Roaming\Blender Foundation\Blender\5.1\scripts\addons\auto_rig_pro-master\src\auto_rig_smart.py", line 5295, in cleanup
    bpy.types.SpaceView3D.draw_handler_remove(handles[0],'WINDOW')
    ~~~~~~~~~~~~~~~~~~~~~~~~~~~~~~~~~~~~~~~~~^^^^^^^^^^^^^^^^^^^^^
ValueError: callback_remove(handler): null handler given, invalid or already removed

During handling of the above exception, another exception occurred:

Traceback (most recent call last):
  File "C:\Users\Liyunzhong\AppData\Roaming\Blender Foundation\Blender\5.1\scripts\addons\auto_rig_pro-master\src\auto_rig_smart.py", line 5299, in cleanup
    if bpy.context.scene.arp_debug_mode:
       ^^^^^^^^^^^^^^^^^^^^^^^^^^^^^^^^
AttributeError: 'Scene' object has no attribute 'arp_debug_mode'
00:01.828  blend            | Read blend: "E:\WangZhen_Project\AI\ShuZiRen\Hermes\SZRYanJiu\v3_QuadRemesher_交付\01A眼窝与眼球\models\01_1_eye_socket.blend"
Exception in module register(): C:\Users\Liyunzhong\AppData\Roaming\Blender Foundation\Blender\5.1\scripts\addons\better_fbx\__init__.py
Reloading external rigs...
Reloading external metarigs...
Extra Pies: Register built-in pies for use with non-standard Keymap.
register_class(...):
警告: 'List_View' 不包含带有前缀和后缀的 '_UL_'
Registered B2RUVL 0.1.6.
Registered MACHIN3tools 1.13.8.DeusEx with 2 tools, 0 pie menus
ARP首选项已成功加载！
更新骨架预设…
Zen UV Library: REGISTERED.
Unregistered B2RUVL 0.1.6.
Unregistered MACHIN3tools 1.13.8.DeusEx.
Zen UV Library: UNREGISTERED.
addon_utils.disable: bl_ext.lab_blender_org.mcp not enabled
=== L眼 局部 (中心(-0.03580212593078613, -0.10575225949287415, 1.6710854768753052), R=30mm) ===
  顶点=3529 边=8780 面=5252
  重复顶点=4  游离点=0  退化面=0
  非流形边=0  边界边=0
  极点(>6边)=[(251167, 7), (252131, 7), (252719, 7), (252830, 7), (253542, 7), (254663, 7), (255655, 7), (255834, 7), (256640, 8), (257763, 7), (258705, 7), (258755, 7), (259793, 7), (260287, 7), (260843, 7), (261172, 7), (262084, 7), (262446, 7), (263463, 7), (264940, 7), (265226, 7), (265314, 7), (266067, 7), (266353, 7), (266765, 8), (267498, 7), (267691, 7), (268758, 7), (269324, 7), (269550, 7), (270081, 7), (271058, 9), (272335, 7), (272555, 9), (272903, 7), (273496, 8), (273712, 8), (274153, 7), (275163, 8), (275401, 7), (275721, 9), (276217, 7), (276808, 7), (276858, 7), (276928, 8), (277218, 8), (278066, 7), (278129, 7), (278362, 7), (278535, 7), (278781, 7), (279527, 7), (279660, 8), (279688, 8), (280078, 8), (280477, 7), (280533, 7), (281146, 7), (281294, 7), (281344, 7), (281429, 8), (281828, 7), (283019, 7), (283061, 7), (283062, 7), (283213, 7), (283847, 9), (284679, 7), (284819, 7), (284843, 8), (284898, 8), (284963, 7), (285342, 9), (285786, 7), (285828, 7), (285896, 7), (286057, 7), (286526, 7), (286687, 7), (287034, 7), (287122, 7), (287187, 7), (287440, 8), (287793, 7), (288583, 7), (289081, 8), (289107, 10), (289146, 8), (289685, 7), (289736, 7), (290159, 7), (290396, 11), (290516, 8), (290542, 7), (290965, 7), (290992, 8), (291062, 8), (291647, 7), (291704, 7), (291727, 8), (291945, 7), (292078, 7), (292080, 8), (292419, 7), (292473, 8), (292915, 7), (293231, 7), (293286, 8), (293454, 7), (293740, 7), (294028, 7), (294102, 7), (294246, 7), (294412, 7), (294632, 7), (294945, 7), (295381, 8), (295446, 7), (295699, 8), (295826, 9), (295966, 7), (296011, 7), (296058, 8), (296146, 9), (296335, 7), (296483, 7), (296540, 7), (296883, 7), (296899, 7), (297141, 7), (297165, 7), (297391, 7), (297423, 7), (297622, 7), (297806, 8), (297826, 7), (298103, 7), (298162, 7), (298249, 7), (298335, 7), (298564, 8), (298638, 7), (298718, 7), (298781, 7), (298852, 7), (298882, 7), (298925, 8), (298935, 7), (298957, 7), (299139, 8), (299193, 7), (299345, 7), (299358, 7), (299429, 7), (299479, 7), (299695, 7), (299898, 7), (299987, 7), (300070, 8), (300119, 7), (300151, 7), (300215, 7), (300232, 7), (300275, 7), (300276, 7), (300277, 7), (300431, 7), (300432, 9), (300455, 7), (300483, 7), (300521, 7), (300583, 8), (300631, 8), (300733, 7), (300837, 7), (300866, 7), (300929, 7), (301010, 7), (301052, 7), (301065, 7), (301095, 7), (301121, 7), (301156, 8), (301157, 7), (301181, 7), (301194, 7), (301239, 9), (301245, 7), (301271, 7), (301287, 7), (301290, 7), (301339, 7), (301340, 8), (301373, 8), (301403, 9), (301432, 7), (301508, 7), (301698, 7), (301705, 8), (301868, 7), (301879, 7), (302031, 7), (302145, 7), (302253, 7), (302404, 7), (302471, 7), (302544, 7), (302546, 9), (302621, 7), (302656, 7), (302802, 7), (302832, 7), (302871, 7), (302873, 8), (303034, 8), (303122, 8), (303142, 9), (303159, 7), (303368, 7), (303386, 7), (303388, 8), (303463, 7), (303478, 7), (303586, 8), (303713, 7), (303744, 7), (303802, 7), (303849, 8), (303862, 8), (304083, 7), (304120, 8), (304282, 7), (304396, 7), (304407, 8), (304673, 7), (304686, 7), (304779, 7), (304909, 9), (305132, 7), (305588, 7), (305634, 7), (305690, 7), (305782, 7), (305801, 8), (305821, 7), (305837, 8), (305854, 7), (305927, 7), (305963, 7), (305988, 7), (306002, 7), (306017, 7), (306149, 7), (306236, 7), (306276, 7), (306292, 7), (306324, 7), (306619, 7), (306762, 8), (307333, 7), (307362, 7), (307630, 7), (307748, 7), (307889, 7), (308001, 9), (308100, 7), (308101, 7), (308239, 8), (308360, 7), (308549, 7), (308708, 7), (308842, 9), (309226, 7), (309352, 7), (309365, 7), (309983, 7), (310018, 7), (310344, 7), (310412, 7), (310427, 8), (310523, 8), (310615, 8), (310640, 7), (310664, 7), (310741, 7), (310762, 7), (310763, 7), (310946, 7), (311005, 7), (311175, 7), (311273, 7), (311439, 8), (311486, 8), (311487, 7), (311548, 7), (311883, 8), (312154, 7), (312553, 7), (312608, 8), (312682, 7), (312854, 7), (312907, 7), (312989, 7), (313253, 7), (313702, 7), (313894, 7), (313927, 7), (313928, 8), (314309, 7), (314347, 7), (314854, 7), (315030, 7), (315319, 7), (315564, 7), (315847, 7), (315886, 7), (315887, 8), (315956, 7), (316111, 8), (316194, 7), (316330, 7), (316467, 7), (316529, 7), (316665, 7), (316666, 7), (316683, 7), (317310, 7), (317420, 7), (317996, 7), (318092, 7), (318112, 7), (318286, 7), (318287, 7), (318495, 8), (318574, 7), (318609, 7), (318830, 7), (318928, 8), (318941, 7), (319045, 7), (319203, 8), (319257, 7), (319450, 7), (319538, 7), (319580, 8), (319655, 8), (319740, 7), (319853, 7), (320054, 7), (320081, 8), (320419, 7), (320672, 7), (320690, 7), (320765, 7), (320908, 7), (320998, 7), (321131, 7), (321215, 7), (321425, 7), (321670, 7), (321692, 8), (321710, 7), (321792, 7), (321957, 7), (322087, 7), (322201, 7), (322396, 8), (322509, 7), (322529, 7), (322530, 7), (322596, 7), (322737, 8), (323117, 8), (323118, 8), (323217, 7), (323544, 7), (323648, 8), (323760, 8), (323950, 7), (324024, 7), (324431, 7), (324624, 7), (324698, 7), (324755, 7), (324882, 7), (324922, 8), (324953, 8), (325021, 7), (325057, 7), (325238, 7), (325581, 7), (325662, 7), (325739, 7), (325943, 8), (326114, 7), (326198, 7), (326442, 7), (326663, 9), (326950, 7), (327012, 8), (327169, 7), (327393, 7), (327713, 7), (327740, 8), (327916, 8), (328339, 7), (328472, 7), (328866, 8), (328896, 8), (329729, 8), (329730, 8), (329805, 7), (329859, 8), (330028, 7), (330179, 8), (330602, 7), (330692, 8), (331463, 7), (331820, 7), (331932, 7), (332077, 9), (332210, 7), (332381, 7), (332647, 8), (332689, 8), (332690, 7), (332734, 8), (332981, 8), (333069, 7), (333268, 7), (333783, 7), (333851, 7), (333903, 7), (334341, 7), (334598, 7), (334760, 10), (334785, 7), (335049, 7), (335580, 7), (335659, 7), (336397, 7), (336580, 7), (336581, 7), (336645, 7), (336756, 7), (336757, 8), (336842, 7), (336910, 7), (336911, 7), (337060, 8), (337329, 7), (338141, 7), (338597, 8), (338599, 8), (338736, 7), (339033, 7), (339535, 7), (340515, 8), (340681, 7), (340702, 7), (340703, 8), (340744, 8), (341000, 7), (342516, 8), (342751, 8), (342924, 8), (343612, 7), (964301, 7), (964303, 7), (964305, 7), (964311, 7), (964454, 7), (964476, 7), (964551, 8), (964607, 7), (964690, 7), (964806, 7), (965948, 7), (965951, 7), (966065, 55)]
=== R眼 局部 (中心(0.032613109797239304, -0.10607945919036865, 1.6706626415252686), R=30mm) ===
  顶点=3413 边=8356 面=4944
  重复顶点=50  游离点=0  退化面=0
  非流形边=0  边界边=0
  极点(>6边)=[(254316, 7), (256340, 7), (258357, 7), (258893, 8), (259237, 7), (260868, 8), (261047, 7), (261891, 7), (263278, 8), (265244, 7), (265283, 7), (265557, 8), (265793, 7), (266787, 7), (266894, 10), (267643, 7), (269096, 7), (269460, 7), (271004, 9), (272139, 8), (272615, 7), (273034, 7), (273965, 8), (274367, 7), (274538, 8), (274659, 8), (274880, 7), (275400, 7), (275493, 8), (275592, 7), (277430, 7), (277772, 7), (278153, 7), (278170, 7), (279014, 7), (279083, 7), (279104, 7), (279661, 10), (279876, 7), (280079, 7), (280604, 7), (281558, 7), (282014, 8), (282037, 7), (282146, 8), (282867, 7), (283000, 7), (283149, 7), (283757, 7), (283977, 7), (284790, 7), (284896, 7), (285287, 8), (285852, 7), (286151, 7), (286718, 7), (286864, 8), (286940, 7), (287071, 7), (287119, 7), (287813, 7), (287875, 7), (288051, 7), (289277, 9), (289632, 7), (289715, 7), (290090, 7), (290778, 7), (290815, 7), (291014, 7), (291141, 7), (291160, 7), (292613, 7), (292614, 7), (292880, 7), (293081, 8), (293218, 8), (293411, 7), (293446, 7), (293468, 7), (293586, 10), (293663, 7), (293768, 7), (294257, 9), (294413, 7), (294718, 8), (295261, 7), (295430, 7), (295561, 7), (295809, 7), (295841, 7), (296075, 8), (296255, 7), (296324, 8), (296416, 8), (296437, 7), (296541, 8), (296673, 7), (296732, 7), (296813, 7), (296898, 8), (297140, 7), (297208, 7), (297276, 7), (297507, 7), (297608, 7), (297839, 8), (298127, 7), (298144, 10), (298265, 7), (298360, 7), (298418, 8), (298438, 7), (298467, 7), (298546, 7), (298782, 8), (298804, 7), (298956, 7), (299055, 7), (299111, 7), (299239, 7), (299335, 7), (299347, 8), (299515, 8), (299528, 7), (299683, 7), (299767, 7), (299782, 8), (299832, 7), (300328, 7), (300365, 7), (300454, 7), (300484, 7), (300485, 7), (300567, 7), (300865, 8), (300896, 8), (300931, 7), (301011, 7), (301074, 8), (301108, 7), (301155, 8), (301158, 7), (301206, 8), (301227, 8), (301256, 8), (301257, 7), (301358, 8), (301382, 10), (301433, 7), (301479, 7), (301531, 7), (301544, 7), (301558, 8), (301685, 7), (301754, 7), (301779, 7), (301939, 7), (302106, 7), (302459, 8), (302513, 7), (303141, 8), (303276, 8), (303290, 8), (303327, 7), (303385, 9), (303645, 7), (303646, 8), (303656, 8), (303670, 7), (303743, 7), (303804, 8), (303806, 7), (303861, 7), (303863, 8), (303874, 8), (303914, 7), (303933, 7), (304042, 8), (304183, 8), (304194, 8), (304243, 9), (304281, 7), (304419, 7), (304648, 7), (304685, 8), (304780, 7), (304781, 8), (305008, 7), (305027, 7), (305173, 7), (305376, 7), (305503, 7), (305505, 7), (305649, 8), (305709, 8), (305711, 7), (305712, 8), (305910, 7), (306323, 7), (306515, 7), (306565, 7), (306595, 7), (306603, 7), (306617, 7), (306618, 7), (306620, 7), (306666, 7), (306719, 7), (306996, 7), (307235, 7), (307260, 7), (307423, 7), (307683, 8), (307823, 7), (307873, 8), (308020, 8), (308036, 7), (308059, 7), (308185, 7), (308339, 8), (308358, 7), (308433, 7), (308550, 7), (308773, 7), (309173, 8), (309199, 8), (309418, 7), (309533, 7), (309702, 8), (309744, 7), (309901, 7), (310036, 7), (310058, 7), (310566, 8), (310872, 8), (310961, 8), (311004, 8), (311157, 7), (311176, 7), (311333, 7), (311418, 7), (311581, 8), (311768, 7), (312376, 7), (312410, 7), (312487, 7), (312542, 8), (312594, 7), (313083, 7), (313138, 8), (313290, 7), (313356, 7), (313381, 9), (313472, 7), (313524, 7), (313622, 7), (313722, 8), (313739, 8), (314047, 7), (314296, 7), (314434, 7), (314929, 7), (315403, 7), (315628, 8), (315771, 8), (315795, 8), (316076, 7), (316300, 7), (316372, 8), (316499, 7), (316620, 7), (316770, 7), (317015, 7), (317017, 8), (317054, 8), (317334, 7), (317441, 7), (317545, 7), (317580, 7), (317830, 8), (318078, 8), (318270, 7), (318852, 7), (318875, 8), (319138, 7), (319186, 7), (319340, 7), (319413, 8), (319506, 7), (319893, 7), (320112, 7), (320172, 7), (320173, 7), (320439, 7), (320480, 7), (321078, 7), (321402, 7), (321443, 7), (321566, 7), (321694, 7), (321750, 7), (321766, 7), (321870, 7), (321884, 7), (321909, 7), (322131, 7), (322290, 7), (322597, 7), (322709, 7), (322710, 7), (322904, 8), (322980, 8), (323091, 8), (323295, 7), (323321, 7), (323456, 7), (323481, 7), (323597, 8), (323666, 8), (323737, 7), (323738, 8), (324385, 7), (324517, 7), (324549, 7), (324669, 7), (324723, 8), (325020, 7), (325237, 7), (325411, 8), (325766, 8), (325827, 7), (325942, 8), (326141, 7), (326143, 7), (326269, 8), (326270, 7), (326399, 7), (326596, 8), (326742, 7), (326851, 8), (327050, 7), (327051, 7), (327052, 7), (327595, 7), (327712, 7), (327783, 7), (327811, 8), (327869, 7), (327977, 7), (328060, 7), (328100, 7), (328122, 8), (328452, 7), (328500, 7), (328502, 7), (328760, 7), (329001, 7), (329106, 7), (329141, 7), (329186, 8), (329281, 7), (329564, 7), (329565, 7), (329567, 7), (329783, 7), (329857, 7), (329858, 7), (329976, 7), (330241, 8), (330365, 8), (330435, 7), (330496, 7), (330558, 8), (330764, 7), (330792, 8), (330816, 7), (331331, 8), (331369, 7), (331436, 7), (331601, 7), (331602, 7), (331931, 7), (332264, 7), (332445, 8), (332736, 7), (332838, 7), (333319, 7), (333320, 7), (333321, 7), (333435, 7), (333561, 7), (333592, 8), (333656, 7), (333874, 8), (333877, 7), (334164, 7), (334617, 7), (334619, 7), (334884, 7), (334989, 7), (335207, 7), (335262, 7), (335371, 7), (335411, 7), (335599, 8), (336069, 7), (336423, 8), (336520, 7), (336644, 7), (336685, 7), (336686, 7), (337306, 7), (337463, 7), (337633, 8), (338053, 7), (338114, 7), (338476, 7), (338622, 7), (338735, 8), (338796, 8), (339095, 7), (339359, 7), (339481, 7), (339795, 7), (339825, 7), (339867, 7), (340742, 8), (340768, 7), (340845, 8), (340976, 7), (341290, 7), (342058, 7), (342697, 7), (342768, 7), (342867, 7), (343113, 7), (344198, 7), (344308, 7), (344925, 7), (967814, 74)]
Blender 5.1.0 (hash adfe2921d5f3 built 2026-03-17 01:37:32)

Blender quit
